m = 3
(1.720000, 0.607220)
(1.570000, 0.584220)
(1.840000, 0.607220)
(1.800000, 0.603220)
(1.990000, 0.607220)
(1.470000, 1.378780)
(1.780000, 0.518220)
(1.610000, 0.928780)
(1.830000, 0.573220)
(1.900000, 0.607220)
(1.540000, 0.648780)
(1.760000, 0.607220)
(1.600000, 0.854780)
(2.060000, 0.607220)
(1.990000, 0.607220)
(1.800000, 0.601220)
(1.760000, 0.607220)
(1.640000, 0.604220)
(1.780000, 0.528220)
(1.830000, 0.605220)
(1.770000, 0.592220)
(1.740000, 0.607220)
(1.890000, 0.607220)
(1.800000, 0.603220)
(1.940000, 0.607220)
(1.560000, 1.651780)
(1.650000, 0.088220)
(1.630000, 0.265780)
(1.600000, 0.239780)
(1.670000, 0.594220)
m = 4
(9.940000, 1.790380)
(10.760000, 0.849980)
(10.850000, 0.321180)
(11.200000, 0.651480)
(13.460000, 0.607220)
(12.670000, 0.604720)
(12.100000, 0.623680)
(12.700000, 0.605620)
(12.970000, 0.605820)
(13.850000, 0.606920)
(12.280000, 0.606820)
(10.440000, 1.918780)
(11.710000, 0.603120)
(11.520000, 0.189120)
(13.370000, 0.607120)
(13.470000, 0.600120)
(13.570000, 0.607020)
(13.030000, 0.607220)
(12.050000, 0.224720)
(12.110000, 0.371280)
(12.640000, 0.601620)
(10.650000, 0.913480)
(14.380000, 0.607220)
(13.360000, 0.607220)
(11.210000, 1.234880)
(13.870000, 0.607220)
(12.700000, 0.259620)
(11.940000, 0.417520)
(12.250000, 0.427980)
(12.760000, 0.603720)
m = 5
(72.990000, 0.606940)
(65.130000, 1.440840)
(68.800000, 0.386560)
(78.710000, 0.607180)
(61.840000, 2.031740)
(73.280000, 0.606980)
(64.100000, 1.833070)
(72.150000, 0.303670)
(54.070000, 3.239290)
(69.020000, 0.078910)
(70.480000, 0.600300)
(71.080000, 0.063500)
(71.380000, 0.134170)
(80.040000, 0.607110)
(70.690000, 0.167380)
(75.370000, 0.606790)
(74.490000, 0.606780)
(67.290000, 2.150080)
(73.090000, 0.369110)
(71.620000, 0.022790)
(75.270000, 0.604290)
(77.530000, 0.606720)
(75.900000, 0.388170)
(79.090000, 0.606560)
(75.490000, 0.601890)
(69.860000, 2.291060)
(77.860000, 0.606050)
(71.060000, 0.553340)
(78.440000, 0.606220)
(79.970000, 0.606990)
m = 6
(180.720000, 1.436291)
(208.300000, 0.605156)
(201.240000, 0.071510)
(201.390000, 0.490762)
(205.000000, 0.268065)
(194.310000, 0.605101)
(204.560000, 0.235788)
(210.620000, 0.607216)
(211.320000, 0.606380)
(211.130000, 0.607213)
(211.940000, 0.598728)
(216.870000, 0.606969)
(211.900000, 0.607146)
(207.750000, 0.878311)
(202.970000, 0.120293)
(211.660000, 0.605683)
(209.880000, 0.606233)
(206.710000, 0.621847)
(207.680000, 0.541046)
(215.490000, 0.607054)
(197.440000, 0.606676)
(212.300000, 0.600944)
(217.970000, 0.607191)
(200.570000, 1.733807)
(217.350000, 0.607118)
(209.140000, 0.170906)
(217.390000, 0.607189)
(226.710000, 0.607209)
(200.000000, 0.603962)
(211.390000, 0.189191)
m = 7
(239.510000, 0.602565)
(243.070000, 0.196408)
(241.820000, 0.003701)
(244.820000, 0.412958)
(244.150000, 0.572085)
(244.520000, 0.589055)
(250.470000, 0.421707)
(247.300000, 0.607193)
(241.630000, 0.607215)
(248.020000, 0.310349)
(248.070000, 0.607058)
(247.390000, 0.451709)
(249.150000, 0.607207)
(247.990000, 0.606804)
(248.740000, 0.606183)
(249.470000, 0.606502)
(249.060000, 0.134028)
(250.440000, 0.836214)
(250.900000, 0.888007)
(252.370000, 1.693846)
(252.720000, 0.796555)
(251.140000, 1.890952)
(257.320000, 0.096363)
(253.450000, 0.508151)
(254.660000, 0.330171)
(251.120000, 0.600720)
(254.270000, 0.607197)
(253.620000, 0.605701)
(257.300000, 0.605953)
(253.420000, 0.241088)
m = 8
(244.140000, 0.191124)
(250.330000, 0.607184)
(247.620000, 0.584273)
(250.390000, 1.098707)
(247.770000, 0.097469)
(247.210000, 0.604763)
(248.640000, 0.607179)
(252.280000, 0.851838)
(253.280000, 0.606971)
(250.800000, 0.606877)
(253.780000, 0.226061)
(251.420000, 0.015592)
(251.150000, 0.607140)
(251.220000, 0.202445)
(254.270000, 0.624621)
(254.690000, 0.230213)
(252.540000, 0.416374)
(253.440000, 0.132229)
(252.710000, 0.605721)
(258.050000, 0.606814)
(254.030000, 0.588961)
(256.220000, 0.600685)
(255.620000, 0.193736)
(254.980000, 0.606860)
(258.910000, 0.606848)
(260.080000, 2.261556)
(260.660000, 0.606768)
(258.710000, 0.217387)
(258.890000, 0.537952)
(257.540000, 0.436458)
m = 9
(246.340000, 0.607097)
(245.530000, 1.605247)
(248.170000, 0.606930)
(246.440000, 0.145257)
(249.680000, 0.990972)
(251.290000, 0.603963)
(249.990000, 0.605650)
(251.140000, 0.607108)
(250.070000, 1.826777)
(250.440000, 0.177628)
(251.750000, 0.607160)
(251.260000, 0.225475)
(251.920000, 0.606861)
(251.110000, 0.605925)
(252.210000, 0.606370)
(255.500000, 0.575144)
(257.290000, 0.604173)
(253.080000, 0.606008)
(254.910000, 0.601645)
(254.660000, 0.241221)
(255.160000, 0.607022)
(255.220000, 0.457208)
(256.970000, 1.695802)
(255.620000, 0.604795)
(259.730000, 0.607135)
(260.670000, 1.383636)
(257.630000, 0.606075)
(260.700000, 1.053500)
(260.310000, 0.606938)
(259.220000, 1.149728)
m = 10
(246.180000, 1.271437)
(247.470000, 0.057668)
(247.910000, 0.607026)
(248.730000, 0.633877)
(250.620000, 0.320237)
(250.330000, 0.386013)
(250.920000, 0.330879)
(248.060000, 0.600180)
(250.010000, 0.507760)
(252.710000, 0.607185)
(250.870000, 1.310246)
(252.580000, 0.607175)
(253.480000, 0.606986)
(253.310000, 0.607103)
(252.710000, 2.056196)
(251.980000, 0.607201)
(253.550000, 0.607026)
(255.300000, 0.606545)
(256.650000, 0.440229)
(256.080000, 0.563017)
(257.940000, 1.336885)
(257.920000, 2.872265)
(258.020000, 0.590654)
(255.690000, 0.908346)
(257.220000, 0.607161)
(257.250000, 0.604595)
(257.260000, 0.564688)
(256.440000, 0.223319)
(258.360000, 0.406890)
(260.600000, 0.861458)
m = 11
(253.580000, 0.606989)
(250.060000, 0.547545)
(248.130000, 0.668123)
(249.230000, 0.611776)
(247.180000, 0.332034)
(247.650000, 0.607216)
(249.300000, 1.034070)
(253.190000, 0.234587)
(253.350000, 0.987624)
(251.580000, 0.607068)
(253.550000, 0.255447)
(252.230000, 1.023300)
(251.440000, 0.607138)
(253.230000, 0.605605)
(254.710000, 0.007397)
(254.400000, 0.074391)
(253.210000, 0.606669)
(255.120000, 0.605700)
(253.250000, 0.607194)
(256.570000, 0.607087)
(256.200000, 0.606905)
(256.570000, 0.605420)
(255.000000, 0.607219)
(257.770000, 0.606963)
(258.360000, 0.175647)
(258.570000, 0.595709)
(259.770000, 0.607093)
(258.900000, 0.458897)
(258.680000, 0.607193)
(257.530000, 0.142993)
m = 12
(264.210000, 0.193721)
(243.700000, 0.607181)
(247.180000, 0.606591)
(244.710000, 0.606768)
(248.680000, 0.603321)
(246.720000, 0.604630)
(247.860000, 0.598020)
(249.140000, 0.606887)
(248.430000, 0.607052)
(248.890000, 0.459984)
(251.550000, 0.603803)
(250.010000, 0.235235)
(250.410000, 0.607155)
(249.550000, 0.265781)
(249.860000, 0.606484)
(252.090000, 0.606235)
(254.130000, 0.323001)
(251.780000, 0.606219)
(252.600000, 2.584418)
(252.380000, 0.131726)
(252.580000, 0.607199)
(254.600000, 1.966111)
(255.110000, 1.122698)
(254.270000, 0.106773)
(257.570000, 0.446608)
(258.360000, 1.030788)
(257.330000, 1.868732)
(257.780000, 0.830046)
(258.890000, 0.273616)
(258.410000, 0.606899)
