m = 3
(0.010000, 2.274175)
(0.000000, 1.974175)
(0.000000, 2.874175)
(0.000000, 0.274175)
(0.010000, 1.274175)
(0.000000, 0.425825)
(0.010000, 0.425825)
(0.000000, 0.674175)
(0.000000, 0.674175)
(0.000000, 0.425825)
(0.000000, 0.425825)
(0.000000, 0.425825)
(0.000000, 2.174175)
(0.010000, 0.325825)
(0.000000, 0.025825)
(0.000000, 2.874175)
(0.000000, 0.174175)
(0.000000, 1.174175)
(0.000000, 0.074175)
(0.000000, 1.474175)
(0.010000, 1.774175)
(0.000000, 0.425825)
(0.000000, 0.425825)
(0.000000, 1.474175)
(0.000000, 1.674175)
(0.010000, 2.374175)
(0.000000, 0.025825)
(0.010000, 1.074175)
(0.000000, 0.425825)
(0.010000, 1.174175)
m = 4
(0.260000, 0.425825)
(0.070000, 0.425825)
(0.090000, 0.425825)
(0.080000, 0.425725)
(0.030000, 0.425825)
(0.230000, 0.734175)
(0.040000, 0.425825)
(0.090000, 0.425825)
(0.040000, 0.025825)
(0.030000, 1.034175)
(0.030000, 0.954175)
(0.030000, 0.425825)
(0.080000, 0.724175)
(0.060000, 0.425825)
(0.120000, 0.215725)
(0.060000, 1.184375)
(0.020000, 0.084175)
(0.030000, 0.355825)
(0.050000, 0.415725)
(0.030000, 1.044275)
(0.110000, 0.554375)
(0.040000, 0.125825)
(0.030000, 0.444175)
(0.040000, 0.584175)
(0.070000, 0.425825)
(0.030000, 0.365825)
(0.050000, 0.425825)
(0.050000, 0.215725)
(0.030000, 0.764175)
(0.030000, 0.425825)
m = 5
(0.250000, 0.801175)
(0.980000, 0.418795)
(0.800000, 0.412805)
(0.580000, 0.425815)
(0.970000, 0.425825)
(0.280000, 0.318815)
(0.500000, 2.959185)
(0.750000, 0.423815)
(0.650000, 0.424825)
(0.390000, 0.251175)
(0.790000, 0.156195)
(0.500000, 0.238175)
(0.640000, 0.352815)
(0.680000, 0.422805)
(0.610000, 0.330815)
(0.670000, 0.402815)
(0.410000, 0.161175)
(0.450000, 0.424825)
(0.490000, 0.358825)
(0.510000, 0.425825)
(0.650000, 0.922185)
(0.770000, 0.502195)
(0.490000, 0.674185)
(0.260000, 0.423825)
(0.560000, 0.955185)
(0.280000, 0.425825)
(0.220000, 1.667175)
(0.700000, 3.280195)
(0.540000, 0.010815)
(0.830000, 0.425825)
m = 6
(3.240000, 0.001875)
(2.880000, 2.126275)
(3.090000, 0.425625)
(2.980000, 0.305975)
(2.600000, 0.424625)
(2.430000, 1.499575)
(3.560000, 1.698376)
(4.540000, 0.422924)
(2.990000, 0.305125)
(2.590000, 0.423225)
(2.900000, 0.420125)
(3.200000, 3.322176)
(2.740000, 0.226275)
(2.680000, 0.403025)
(2.840000, 0.835875)
(3.090000, 0.425725)
(2.270000, 0.036176)
(2.900000, 0.443075)
(3.340000, 0.425225)
(2.880000, 0.425425)
(3.060000, 0.425825)
(2.710000, 0.423925)
(2.570000, 0.411325)
(3.260000, 0.423525)
(2.760000, 0.674475)
(3.240000, 0.425725)
(2.530000, 1.748875)
(4.160000, 0.418624)
(3.160000, 0.425825)
(2.640000, 0.390625)
m = 7
(25.470000, 0.424885)
(23.470000, 1.717025)
(17.310000, 0.065165)
(20.120000, 0.425725)
(12.390000, 0.425205)
(12.140000, 0.598105)
(12.870000, 0.230745)
(23.220000, 0.424475)
(18.330000, 0.414735)
(17.660000, 0.413635)
(18.950000, 0.140765)
(13.620000, 0.422975)
(18.570000, 0.039485)
(16.230000, 1.856565)
(25.300000, 0.425785)
(18.960000, 0.108565)
(11.030000, 0.087375)
(20.240000, 0.095275)
(24.100000, 0.422765)
(17.850000, 1.334945)
(14.560000, 0.425805)
(13.660000, 0.425305)
(17.650000, 1.209995)
(18.500000, 1.433895)
(18.980000, 2.315565)
(21.870000, 0.425455)
(13.920000, 0.425485)
(21.660000, 0.425655)
(18.750000, 0.337635)
(13.230000, 0.698435)
m = 8
(38.490000, 0.425824)
(36.130000, 0.425702)
(32.460000, 2.066335)
(33.450000, 1.944040)
(33.670000, 0.423809)
(35.120000, 0.425770)
(38.270000, 0.353992)
(37.500000, 0.102128)
(36.900000, 0.424945)
(36.960000, 0.423238)
(34.590000, 0.023111)
(38.460000, 0.425554)
(38.840000, 0.425488)
(32.690000, 2.146373)
(34.930000, 0.425749)
(34.430000, 0.566647)
(30.670000, 0.425177)
(38.640000, 0.425736)
(38.780000, 0.499742)
(35.600000, 0.417412)
(39.180000, 0.425797)
(37.980000, 0.293932)
(34.290000, 0.359406)
(31.010000, 0.425672)
(33.940000, 0.425804)
(37.600000, 0.424814)
(39.200000, 0.425742)
(38.480000, 0.961283)
(38.480000, 0.418864)
(37.900000, 0.425753)
m = 9
(42.940000, 0.425623)
(43.250000, 0.425581)
(41.610000, 0.404037)
(43.510000, 0.421979)
(40.290000, 0.417982)
(40.300000, 0.375364)
(39.840000, 0.772388)
(40.950000, 1.198374)
(40.530000, 0.423333)
(41.170000, 0.425462)
(41.130000, 0.425710)
(41.630000, 0.421801)
(40.330000, 0.425819)
(41.200000, 1.397583)
(41.080000, 0.419934)
(42.100000, 0.425647)
(38.880000, 0.335855)
(41.450000, 0.424181)
(41.300000, 0.475586)
(41.540000, 0.424498)
(41.230000, 0.800251)
(40.920000, 0.083432)
(38.410000, 0.347579)
(35.870000, 1.106643)
(36.110000, 0.025055)
(40.930000, 0.399763)
(41.320000, 0.366818)
(41.500000, 0.626003)
(40.600000, 2.783047)
(40.410000, 0.846695)
m = 10
(43.840000, 1.471112)
(44.300000, 0.425751)
(38.770000, 1.013059)
(43.950000, 0.049723)
(41.770000, 0.419412)
(40.350000, 0.981618)
(41.310000, 0.207355)
(41.060000, 0.421997)
(41.160000, 0.544975)
(37.120000, 0.425814)
(41.240000, 0.456413)
(41.520000, 1.848596)
(41.070000, 0.422026)
(41.580000, 1.151861)
(41.310000, 1.726743)
(42.240000, 1.043152)
(42.200000, 0.425601)
(41.180000, 0.109135)
(41.680000, 0.273771)
(41.240000, 0.425676)
(41.880000, 0.224636)
(42.390000, 0.053267)
(42.180000, 0.147779)
(41.650000, 0.064403)
(36.840000, 0.425817)
(41.440000, 0.116814)
(42.800000, 0.540658)
(42.920000, 0.365443)
(42.000000, 0.362467)
(42.280000, 0.196372)
m = 11
(44.160000, 1.416123)
(44.940000, 0.022138)
(41.460000, 0.425808)
(39.540000, 0.425823)
(41.730000, 0.425778)
(40.890000, 0.381007)
(41.670000, 1.221955)
(40.400000, 0.400089)
(41.500000, 0.425784)
(36.570000, 0.422312)
(40.410000, 0.425701)
(41.900000, 0.425816)
(41.040000, 0.425816)
(42.090000, 2.722130)
(41.220000, 0.421450)
(41.440000, 0.301516)
(37.180000, 0.447280)
(37.630000, 1.596257)
(41.700000, 0.803492)
(41.120000, 0.425796)
(41.370000, 0.425711)
(42.690000, 0.254509)
(42.450000, 0.272995)
(38.000000, 3.495612)
(38.100000, 0.415529)
(41.610000, 0.419522)
(42.990000, 0.293694)
(42.220000, 0.425561)
(42.060000, 1.493990)
(43.430000, 0.345330)
m = 12
(42.690000, 1.266345)
(42.840000, 1.250489)
(41.380000, 0.780324)
(39.290000, 0.891272)
(39.820000, 0.231703)
(39.210000, 0.424038)
(39.970000, 0.425728)
(37.940000, 0.425665)
(40.100000, 0.409297)
(38.150000, 0.425519)
(35.060000, 0.425627)
(39.420000, 0.425759)
(40.510000, 0.422657)
(40.400000, 0.147234)
(38.890000, 0.368863)
(40.480000, 0.137727)
(36.990000, 0.362491)
(35.580000, 0.359416)
(39.400000, 0.421780)
(40.510000, 0.389642)
(39.650000, 0.425710)
(40.620000, 0.425284)
(40.050000, 0.533343)
(35.160000, 1.413430)
(37.640000, 0.425825)
(39.480000, 0.414433)
(40.720000, 0.030941)
(40.450000, 0.146152)
(40.570000, 0.110770)
(40.440000, 0.424269)
