m = 3
(0.000000, 0.433251)
(0.000000, 0.033251)
(0.000000, 0.866749)
(0.000000, 0.866749)
(10.000000, 0.866749)
(0.000000, 1.533251)
(0.000000, 1.133251)
(10.000000, 1.833251)
(0.000000, 0.166749)
(0.000000, 0.133251)
(0.000000, 1.433251)
(10.000000, 0.466749)
(0.000000, 2.033251)
(0.000000, 0.866749)
(10.000000, 0.666749)
(0.000000, 0.866749)
(0.000000, 1.233251)
(0.000000, 0.166749)
(0.000000, 0.766749)
(0.000000, 0.466749)
(10.000000, 0.833251)
(0.000000, 0.533251)
(10.000000, 0.633251)
(0.000000, 0.866749)
(10.000000, 0.366749)
(0.000000, 0.466749)
(10.000000, 0.066749)
(10.000000, 0.133251)
(10.000000, 0.433251)
(10.000000, 0.533251)
m = 4
(20.000000, 0.343251)
(20.000000, 0.766649)
(30.000000, 0.943351)
(30.000000, 0.866749)
(30.000000, 0.356649)
(20.000000, 0.643251)
(30.000000, 0.023251)
(20.000000, 0.446649)
(20.000000, 0.023251)
(40.000000, 0.866749)
(30.000000, 0.063251)
(20.000000, 0.866749)
(20.000000, 0.726749)
(20.000000, 0.866749)
(20.000000, 0.036649)
(20.000000, 1.223251)
(30.000000, 0.616749)
(200.000000, 0.256749)
(30.000000, 1.173351)
(30.000000, 0.866749)
(20.000000, 0.813251)
(20.000000, 0.123351)
(20.000000, 0.373251)
(50.000000, 0.866649)
(20.000000, 0.273351)
(20.000000, 0.866749)
(10.000000, 3.023251)
(20.000000, 1.663251)
(20.000000, 0.856749)
(20.000000, 0.063251)
m = 5
(340.000000, 0.278749)
(510.000000, 0.863729)
(430.000000, 0.856729)
(350.000000, 0.866749)
(170.000000, 0.860749)
(170.000000, 0.866749)
(560.000000, 0.907281)
(450.000000, 0.498739)
(600.000000, 0.866739)
(400.000000, 0.667251)
(160.000000, 0.446749)
(360.000000, 0.544739)
(500.000000, 0.866749)
(430.000000, 0.502739)
(500.000000, 0.524739)
(360.000000, 0.762251)
(150.000000, 0.098749)
(150.000000, 0.320749)
(540.000000, 0.381271)
(440.000000, 0.123261)
(320.000000, 0.852749)
(320.000000, 0.865749)
(390.000000, 0.848739)
(460.000000, 0.862739)
(630.000000, 0.779729)
(470.000000, 0.861749)
(310.000000, 0.631749)
(480.000000, 0.864739)
(160.000000, 0.036749)
(420.000000, 0.391739)
m = 6
(2580.000000, 0.865148)
(2370.000000, 0.780348)
(1890.000000, 0.792549)
(1990.000000, 0.861649)
(2490.000000, 1.372152)
(2260.000000, 0.866749)
(1620.000000, 0.212151)
(2590.000000, 0.456948)
(1810.000000, 0.845249)
(3420.000000, 0.864048)
(1750.000000, 0.173951)
(2040.000000, 0.853749)
(2900.000000, 0.122552)
(1960.000000, 0.866749)
(2490.000000, 1.532952)
(2580.000000, 0.232848)
(1970.000000, 0.866749)
(2230.000000, 0.843249)
(1880.000000, 0.660449)
(1850.000000, 0.866749)
(1810.000000, 0.862549)
(1800.000000, 0.855649)
(2710.000000, 0.936752)
(1970.000000, 0.712149)
(3350.000000, 0.866549)
(2110.000000, 0.866649)
(2030.000000, 0.844248)
(2100.000000, 0.865149)
(2220.000000, 0.864649)
(1660.000000, 0.842451)
m = 7
(9010.000000, 0.865189)
(14260.000000, 0.464559)
(12810.000000, 0.887691)
(15350.000000, 0.160979)
(15850.000000, 0.838699)
(15950.000000, 1.019371)
(8430.000000, 0.866549)
(9650.000000, 0.866699)
(9340.000000, 0.866739)
(8330.000000, 0.623989)
(8530.000000, 0.252679)
(14740.000000, 0.084441)
(17620.000000, 0.728289)
(9030.000000, 0.860719)
(13760.000000, 0.916421)
(9120.000000, 0.446389)
(11590.000000, 0.297641)
(17560.000000, 0.157389)
(13280.000000, 3.425881)
(7760.000000, 2.181711)
(9110.000000, 0.682999)
(9690.000000, 0.866639)
(13350.000000, 0.801729)
(14650.000000, 0.866709)
(16510.000000, 0.866639)
(13120.000000, 0.554499)
(14160.000000, 0.865539)
(12800.000000, 0.218749)
(16390.000000, 0.861809)
(9440.000000, 0.865529)
m = 8
(26610.000000, 0.866707)
(25900.000000, 0.589624)
(25800.000000, 0.866482)
(25170.000000, 0.852104)
(25510.000000, 0.866358)
(26700.000000, 0.866594)
(26430.000000, 0.434811)
(23900.000000, 0.866603)
(26420.000000, 0.866677)
(26870.000000, 0.865585)
(26340.000000, 0.866717)
(23070.000000, 0.344204)
(26330.000000, 0.490695)
(22320.000000, 1.332664)
(24440.000000, 0.866732)
(26630.000000, 0.735772)
(24370.000000, 0.866744)
(26540.000000, 0.864273)
(22780.000000, 0.861127)
(24760.000000, 0.866747)
(24180.000000, 0.861077)
(26590.000000, 0.866472)
(24240.000000, 0.838073)
(25630.000000, 0.278573)
(27160.000000, 2.408847)
(27430.000000, 0.362960)
(26950.000000, 0.866469)
(27480.000000, 0.574845)
(27800.000000, 0.309350)
(26910.000000, 0.866740)
m = 9
(29270.000000, 0.866629)
(28280.000000, 0.355571)
(28090.000000, 0.860843)
(28550.000000, 2.276227)
(27520.000000, 0.866286)
(28080.000000, 0.368060)
(28250.000000, 0.453868)
(28310.000000, 0.377882)
(27760.000000, 0.523714)
(27820.000000, 0.866629)
(28640.000000, 0.866697)
(28340.000000, 0.315695)
(28980.000000, 0.330600)
(28360.000000, 0.443288)
(28580.000000, 0.216406)
(28220.000000, 0.354364)
(28860.000000, 0.866466)
(27510.000000, 0.966186)
(28320.000000, 0.453907)
(29110.000000, 0.859913)
(28360.000000, 0.866652)
(29080.000000, 0.866651)
(28360.000000, 0.866500)
(28400.000000, 0.869489)
(28850.000000, 0.866503)
(28730.000000, 0.189143)
(29430.000000, 0.864886)
(28580.000000, 0.252764)
(29020.000000, 0.865552)
(29210.000000, 1.131841)
m = 10
(30640.000000, 0.866703)
(28730.000000, 0.866024)
(28220.000000, 0.866626)
(28600.000000, 0.866580)
(28470.000000, 0.440695)
(28370.000000, 0.103478)
(28960.000000, 0.866665)
(28460.000000, 0.866735)
(28540.000000, 0.866639)
(28880.000000, 0.535584)
(28790.000000, 0.859746)
(29120.000000, 0.254210)
(28960.000000, 0.546572)
(29120.000000, 0.215991)
(28750.000000, 0.866680)
(29030.000000, 0.130338)
(28920.000000, 0.866691)
(28600.000000, 0.866699)
(29390.000000, 0.866681)
(29100.000000, 0.096582)
(29310.000000, 0.866724)
(29270.000000, 0.945370)
(29260.000000, 0.857800)
(29340.000000, 0.866736)
(29570.000000, 0.866697)
(29720.000000, 0.864194)
(29450.000000, 0.510334)
(29510.000000, 0.866725)
(29250.000000, 0.307456)
(29310.000000, 0.572419)
m = 11
(30650.000000, 0.781767)
(28910.000000, 0.834197)
(28310.000000, 1.179193)
(28650.000000, 0.864396)
(28500.000000, 0.134040)
(28380.000000, 0.841899)
(28940.000000, 0.865989)
(28470.000000, 0.154056)
(28650.000000, 0.777384)
(28880.000000, 0.866625)
(28670.000000, 0.866726)
(29240.000000, 0.866739)
(28990.000000, 0.866361)
(29190.000000, 0.839774)
(28780.000000, 0.866717)
(29010.000000, 1.076640)
(28910.000000, 1.498718)
(29480.000000, 0.866411)
(29390.000000, 0.691001)
(29200.000000, 0.921482)
(29330.000000, 0.528195)
(29270.000000, 0.953429)
(29350.000000, 1.541810)
(29390.000000, 0.599392)
(29750.000000, 0.954108)
(29770.000000, 0.804605)
(29490.000000, 0.114761)
(29540.000000, 0.861909)
(29290.000000, 0.843861)
(29360.000000, 0.942356)
m = 12
(29480.000000, 0.320261)
(27920.000000, 1.653831)
(27130.000000, 0.526365)
(27430.000000, 0.866547)
(27240.000000, 1.538629)
(27260.000000, 1.003748)
(27340.000000, 0.463514)
(27260.000000, 0.306436)
(27510.000000, 0.864714)
(27690.000000, 0.860540)
(27450.000000, 0.866749)
(27530.000000, 1.482547)
(27920.000000, 0.822696)
(27380.000000, 0.865652)
(27560.000000, 0.866095)
(27830.000000, 0.358912)
(27830.000000, 0.493054)
(27690.000000, 0.866732)
(28190.000000, 0.992536)
(28100.000000, 0.256761)
(28100.000000, 0.866497)
(28110.000000, 1.507945)
(28080.000000, 0.866012)
(28210.000000, 0.179852)
(27970.000000, 0.495523)
(28640.000000, 0.861967)
(28330.000000, 2.558607)
(28340.000000, 0.839281)
(28110.000000, 0.866241)
(28290.000000, 0.152807)
