m = 3
(1.630000, 0.614401)
(1.700000, 0.303401)
(1.730000, 0.619401)
(1.650000, 0.550401)
(1.430000, 0.568599)
(1.610000, 0.105599)
(1.640000, 0.624401)
(1.670000, 0.191599)
(1.720000, 0.623401)
(1.960000, 0.625401)
(1.650000, 0.661599)
(1.540000, 0.136401)
(1.640000, 0.145401)
(1.990000, 0.625401)
(1.850000, 0.625401)
(1.650000, 0.101599)
(1.520000, 0.991599)
(1.740000, 0.418401)
(1.540000, 0.929599)
(1.570000, 0.849599)
(1.550000, 0.980599)
(1.470000, 2.424599)
(1.760000, 0.150401)
(1.790000, 0.445401)
(1.610000, 0.098599)
(1.920000, 0.625401)
(1.500000, 2.180599)
(1.730000, 0.572401)
(1.570000, 0.590401)
(1.610000, 1.121599)
m = 4
(13.530000, 0.625301)
(12.380000, 0.616801)
(13.450000, 0.625401)
(12.200000, 0.616901)
(11.700000, 0.144201)
(11.420000, 0.746899)
(12.870000, 0.625401)
(11.190000, 0.373499)
(11.980000, 0.625001)
(11.080000, 1.231699)
(11.930000, 0.757299)
(11.100000, 0.360299)
(10.640000, 0.066101)
(10.660000, 1.995899)
(12.600000, 0.625101)
(12.480000, 0.571701)
(12.050000, 0.365799)
(11.270000, 0.930999)
(10.490000, 0.936799)
(13.280000, 0.625201)
(11.630000, 0.600001)
(11.450000, 0.853299)
(12.970000, 0.512401)
(10.800000, 2.381999)
(12.370000, 0.177799)
(13.020000, 0.625301)
(14.050000, 0.625401)
(12.250000, 0.210201)
(11.550000, 0.041799)
(9.710000, 2.820999)
m = 5
(68.170000, 0.227919)
(66.140000, 0.151629)
(63.820000, 1.025439)
(67.850000, 0.616801)
(68.840000, 0.003519)
(74.990000, 0.625401)
(67.320000, 1.456829)
(73.220000, 0.588781)
(73.220000, 0.597671)
(76.180000, 0.624331)
(79.440000, 0.625381)
(74.220000, 0.625301)
(69.480000, 0.258239)
(73.970000, 0.624831)
(70.670000, 0.511249)
(75.950000, 0.625341)
(77.600000, 0.624641)
(72.360000, 0.897669)
(75.830000, 0.625351)
(65.900000, 1.880179)
(71.160000, 0.187009)
(70.390000, 0.659769)
(71.550000, 0.567369)
(66.020000, 1.611969)
(77.320000, 0.625371)
(75.140000, 0.306681)
(74.250000, 0.453221)
(68.880000, 0.683319)
(79.050000, 0.624851)
(68.650000, 1.358589)
m = 6
(198.040000, 0.547934)
(197.160000, 0.805893)
(203.880000, 0.624369)
(202.530000, 0.580244)
(210.040000, 0.625322)
(176.270000, 2.034296)
(206.100000, 0.173407)
(212.660000, 0.625134)
(207.120000, 0.859394)
(208.570000, 0.623682)
(208.240000, 0.207588)
(215.780000, 0.623776)
(209.270000, 0.624209)
(202.030000, 1.308955)
(208.270000, 0.624114)
(204.370000, 0.718930)
(206.940000, 1.140567)
(216.760000, 0.625385)
(205.680000, 0.948873)
(216.100000, 0.625378)
(208.740000, 0.625181)
(213.460000, 0.557333)
(205.340000, 0.625199)
(217.020000, 0.625379)
(201.840000, 0.087012)
(206.860000, 1.087886)
(211.490000, 0.621386)
(218.640000, 0.625277)
(213.090000, 0.483058)
(212.750000, 0.189654)
m = 7
(244.570000, 0.595562)
(243.850000, 0.928504)
(245.700000, 1.556532)
(248.130000, 0.625365)
(245.020000, 0.598571)
(244.650000, 0.625154)
(248.110000, 0.625342)
(246.660000, 0.623914)
(249.160000, 0.388297)
(249.550000, 0.744594)
(247.580000, 0.520574)
(247.030000, 2.292181)
(248.990000, 0.112141)
(249.380000, 0.624147)
(234.370000, 0.625350)
(251.940000, 0.578141)
(251.050000, 0.625370)
(250.960000, 0.873607)
(250.610000, 0.624939)
(250.010000, 0.538293)
(251.680000, 0.618791)
(253.690000, 0.623316)
(253.920000, 1.070412)
(251.280000, 0.624916)
(250.850000, 0.623300)
(250.720000, 0.673436)
(248.500000, 0.620368)
(251.040000, 0.625333)
(252.930000, 0.604898)
(250.420000, 0.623734)
m = 8
(248.690000, 0.547054)
(246.440000, 1.176504)
(251.130000, 0.614554)
(247.410000, 0.578852)
(248.360000, 0.979813)
(249.620000, 0.624084)
(248.890000, 0.617261)
(250.400000, 0.522543)
(250.550000, 1.831405)
(251.470000, 0.621739)
(251.340000, 0.625178)
(255.540000, 0.039059)
(251.470000, 0.624677)
(254.330000, 0.624883)
(251.170000, 0.625396)
(254.710000, 0.387533)
(252.980000, 0.116000)
(253.720000, 0.363770)
(256.290000, 1.109596)
(256.390000, 0.782684)
(254.360000, 0.007800)
(256.010000, 0.625349)
(255.540000, 0.625385)
(258.650000, 0.625139)
(254.050000, 0.554371)
(257.340000, 0.361023)
(257.040000, 0.617484)
(255.030000, 0.293137)
(255.340000, 1.204477)
(256.450000, 0.623178)
m = 9
(262.730000, 0.625385)
(247.170000, 0.589238)
(250.430000, 0.623396)
(248.040000, 0.414759)
(250.910000, 3.426167)
(251.550000, 0.620953)
(249.820000, 0.625221)
(250.920000, 0.625337)
(250.760000, 0.623358)
(253.120000, 0.074106)
(251.210000, 0.075828)
(252.050000, 0.507288)
(252.280000, 0.625305)
(256.500000, 0.708112)
(256.910000, 0.624619)
(256.280000, 0.617387)
(254.370000, 0.441235)
(253.860000, 0.612950)
(256.170000, 0.625351)
(257.000000, 0.389693)
(256.240000, 0.744342)
(255.760000, 0.624384)
(257.550000, 0.624144)
(258.970000, 0.617408)
(254.710000, 0.621419)
(255.080000, 0.376329)
(257.240000, 0.622340)
(255.060000, 0.618146)
(255.920000, 0.057822)
(256.680000, 0.358143)
m = 10
(263.680000, 0.598442)
(247.000000, 0.625377)
(248.230000, 0.622962)
(250.640000, 0.468963)
(252.120000, 0.438563)
(252.360000, 0.624655)
(251.290000, 0.545644)
(251.670000, 0.625304)
(252.370000, 1.441427)
(252.790000, 0.621946)
(253.300000, 0.625240)
(252.830000, 0.075290)
(255.050000, 0.624016)
(252.980000, 0.625314)
(252.720000, 0.624552)
(253.280000, 1.306366)
(255.060000, 0.625116)
(256.160000, 1.477937)
(256.350000, 0.060528)
(254.880000, 0.058092)
(255.390000, 0.624877)
(257.860000, 0.620736)
(256.580000, 0.566399)
(255.250000, 0.625269)
(257.500000, 1.273995)
(255.020000, 0.264995)
(253.630000, 0.624940)
(256.600000, 1.500512)
(256.090000, 0.612646)
(258.370000, 0.176451)
m = 11
(263.390000, 0.179952)
(248.640000, 1.176020)
(248.350000, 0.619795)
(246.840000, 1.438826)
(250.590000, 0.625388)
(247.690000, 0.624340)
(249.410000, 1.442534)
(252.680000, 0.531225)
(252.260000, 0.925878)
(253.220000, 0.623117)
(252.450000, 0.625201)
(254.430000, 0.625366)
(251.600000, 0.080345)
(252.220000, 0.587596)
(253.960000, 0.482648)
(253.520000, 1.184474)
(253.860000, 0.612207)
(253.540000, 0.624493)
(251.810000, 0.625062)
(252.940000, 0.625346)
(252.590000, 0.234664)
(251.350000, 0.625291)
(255.850000, 0.625386)
(255.890000, 0.283939)
(252.120000, 1.112527)
(255.810000, 0.625395)
(253.900000, 0.622826)
(254.610000, 0.444970)
(257.730000, 0.048072)
(253.350000, 0.602188)
